{
 "cells": [
  {
   "cell_type": "markdown",
   "metadata": {
    "pycharm": {
     "name": "#%% md\n"
    }
   },
   "source": [
    "# Import"
   ]
  },
  {
   "cell_type": "code",
   "execution_count": 1,
   "metadata": {
    "pycharm": {
     "name": "#%%\n"
    }
   },
   "outputs": [],
   "source": [
    "import numpy as np\n",
    "import matplotlib.pyplot as plt\n",
    "\n",
    "import torch\n",
    "import torch.nn as nn\n",
    "import torch.nn.functional as F\n",
    "from torch.utils.tensorboard import SummaryWriter\n",
    "\n",
    "from PIL import Image\n",
    "from skimage.color import rgba2rgb\n",
    "import cv2\n",
    "from IPython.display import display, clear_output\n",
    "from math import *\n",
    "import time\n",
    "\n",
    "from os import makedirs, path\n",
    "\n",
    "from tqdm import tqdm"
   ]
  },
  {
   "cell_type": "markdown",
   "metadata": {},
   "source": [
    "# Define Classes/Functions"
   ]
  },
  {
   "cell_type": "code",
   "execution_count": 2,
   "metadata": {
    "pycharm": {
     "name": "#%%\n"
    }
   },
   "outputs": [],
   "source": [
    "HIDDEN = 8  # CA state-space dimensionality\n",
    "DIM = 4  # Embedder output dimensionality\n",
    "RES = 64  # Resolution of CA grid\n",
    "\n",
    "\n",
    "# def augment(x):\n",
    "#     xx = x + 0.4*torch.randn_like(x) + 0.2*torch.randn(x.size(0)).cuda().view(x.size(0),1,1,1)\n",
    "#     xx = xx*(2*torch.randint(2,(x.size(0),)).float().cuda().view(x.size(0),1,1,1)-1)\n",
    "#     xx = xx[:,:,8:-8,8:-8]\n",
    "    \n",
    "#     return xx\n",
    "\n",
    "\n",
    "def totalistic(x):\n",
    "    z = 0.125 * (x + x.flip(2) + x.flip(3) + x.flip(2).flip(3))\n",
    "    z = z + 0.125 * (x.transpose(2, 3) + x.transpose(2, 3).flip(2) + x.transpose(2, 3).flip(3) + x.transpose(2, 3).flip(\n",
    "        2).flip(3))\n",
    "    z = z - z.mean(3).mean(2).unsqueeze(2).unsqueeze(3)\n",
    "\n",
    "    return z\n",
    "\n",
    "\n",
    "class Rule(nn.Module):\n",
    "    def __init__(self):\n",
    "        super().__init__()\n",
    "        self.filter1 = nn.Parameter(torch.randn(HIDDEN, 1, 5, 5)/sqrt(HIDDEN))\n",
    "        self.bias1 = nn.Parameter(0*torch.randn(HIDDEN))\n",
    "\n",
    "        self.filter2 = nn.Conv2d(HIDDEN, HIDDEN, 1, padding=0)\n",
    "        nn.init.orthogonal_(self.filter2.weight, gain=2)\n",
    "        nn.init.zeros_(self.filter2.bias)\n",
    "        self.filter3 = nn.Conv2d(HIDDEN, HIDDEN, 1, padding=0)\n",
    "        nn.init.orthogonal_(self.filter3.weight, gain=2)\n",
    "        nn.init.zeros_(self.filter3.bias)\n",
    "\n",
    "\n",
    "class CA(nn.Module):\n",
    "    def __init__(self):\n",
    "        super().__init__()\n",
    "\n",
    "        self.rule = Rule()\n",
    "        self.optim = torch.optim.Adam(self.parameters(), lr=1e-3)\n",
    "\n",
    "    def initGrid(self, BS):\n",
    "        self.psi = torch.cuda.FloatTensor(2 * np.random.rand(BS, HIDDEN, RES, RES) - 1)\n",
    "\n",
    "    def forward(self):\n",
    "        '''\n",
    "        The first filter applies a depthwise convolution to the CA grid. Each channel in the filter is applied to its corresponding channel in the CA grid.\n",
    "        The second and third filters are 1x1 convolutions which act to mix the channels.\n",
    "        If I understand this correctly, this is essentially applying a depthwise seperable convolution operation on the input (but I am a bit uncertain).\n",
    "        '''\n",
    "        z = F.conv2d(self.psi, weight=totalistic(self.rule.filter1), bias=self.rule.bias1, padding=2, groups=HIDDEN)\n",
    "        z = F.leaky_relu(z)\n",
    "        z = F.leaky_relu(self.rule.filter2(z))\n",
    "        self.psi = torch.tanh(self.psi + self.rule.filter3(z))\n",
    "        \n",
    "        '''\n",
    "        To do the type of depthwise convolutions that were in Alex Mordvinstev's paper \n",
    "        (where every a variety of numbers of filters were being applied to each input channel)\n",
    "        the filters need to be repeated/stacked accordingly:\n",
    "        \n",
    "        filter1_big = torch.cat(HIDDEN*[filter1])\n",
    "        bias1_big = torch.cat(HIDDEN*[bias1])\n",
    "        z = F.conv2d(x, weight=totalistic(filter1_big), bias=bias1_big, padding=2, groups=HIDDEN)\n",
    "        '''\n",
    "\n",
    "    def cleanup(self):\n",
    "        del self.psi\n",
    "\n",
    "\n",
    "class Embedder(nn.Module):\n",
    "    def __init__(self):\n",
    "        super().__init__()\n",
    "\n",
    "        self.c1 = nn.Conv2d(3, 32, 3, padding=1)\n",
    "        nn.init.orthogonal_(self.c1.weight, gain=sqrt(2))\n",
    "        self.p1 = nn.AvgPool2d(2)\n",
    "        self.c2 = nn.Conv2d(32, 64, 3, padding=1)\n",
    "        nn.init.orthogonal_(self.c2.weight, gain=sqrt(2))\n",
    "        self.p2 = nn.AvgPool2d(2)\n",
    "        self.c3 = nn.Conv2d(64, 128, 3, padding=1)\n",
    "        nn.init.orthogonal_(self.c3.weight, gain=sqrt(2))\n",
    "        self.p3 = nn.AvgPool2d(2)\n",
    "        self.c4 = nn.Conv2d(128, 128, 3, padding=1)\n",
    "        nn.init.orthogonal_(self.c4.weight, gain=sqrt(2))\n",
    "        self.p4 = nn.AvgPool2d(2)\n",
    "        self.c5 = nn.Conv2d(128, DIM, 3, padding=1)\n",
    "\n",
    "    def forward(self, x):\n",
    "        z = self.p1(F.leaky_relu(self.c1(x)))\n",
    "        z = self.p2(F.leaky_relu(self.c2(z)))\n",
    "        z = self.p3(F.leaky_relu(self.c3(z)))\n",
    "        z = self.p4(F.leaky_relu(self.c4(z)))\n",
    "        z = self.c5(z).mean(3).mean(2)\n",
    "\n",
    "        z = z/torch.sqrt(1+torch.sum(z**2,1).unsqueeze(1))\n",
    "\n",
    "        return z\n",
    "\n",
    "\n",
    "def findHardNegative(zs):\n",
    "    '''\n",
    "    For N steps, find a pair of CAs (i, k) such that the distance between their embeddings is larger than some threshold.\n",
    "    If such a pairing is found, break out of the loop and return the indices of the pair and the number of steps it took to find the pair.\n",
    "    '''\n",
    "    step = 0\n",
    "\n",
    "    while step < 1000:\n",
    "        i = np.random.randint(zs.shape[0])\n",
    "        j = i\n",
    "        k = np.random.randint(zs.shape[0] - 1)\n",
    "        if k >= i:\n",
    "            k += 1\n",
    "\n",
    "        i2 = np.random.randint(zs.shape[1])\n",
    "        j2 = np.random.randint(zs.shape[1] - 1)\n",
    "        if j2 >= i2:\n",
    "            j2 += 1\n",
    "        k2 = np.random.randint(zs.shape[1])\n",
    "\n",
    "        z1 = zs[i, i2]\n",
    "        z2 = zs[j, j2]\n",
    "        z3 = zs[k, k2]\n",
    "\n",
    "        delta = np.sqrt(np.sum((z1 - z2) ** 2, axis=0)) - np.sqrt(np.sum((z1 - z3) ** 2, axis=0)) + 1\n",
    "        if delta >= 0.9:\n",
    "            break\n",
    "        step += 1\n",
    "\n",
    "    return i, k, step"
   ]
  },
  {
   "cell_type": "code",
   "execution_count": 92,
   "metadata": {
    "pycharm": {
     "name": "#%%\n"
    }
   },
   "outputs": [],
   "source": [
    "filter1 = nn.Parameter(torch.zeros(HIDDEN, 1, 5, 5)/sqrt(HIDDEN)).cuda()\n",
    "bias1 = nn.Parameter(0*torch.randn(HIDDEN)).cuda()\n",
    "x = torch.cuda.FloatTensor(np.ones((HIDDEN, RES, RES))).unsqueeze(0)\n",
    "z = F.conv2d(x, weight=totalistic(filter1), bias=CA_run.rule.bias1, padding=2, groups=HIDDEN)"
   ]
  },
  {
   "cell_type": "code",
   "execution_count": 93,
   "metadata": {},
   "outputs": [
    {
     "data": {
      "text/plain": [
       "torch.Size([1, 8, 512, 512])"
      ]
     },
     "execution_count": 93,
     "metadata": {},
     "output_type": "execute_result"
    }
   ],
   "source": [
    "z.shape"
   ]
  },
  {
   "cell_type": "code",
   "execution_count": 87,
   "metadata": {},
   "outputs": [],
   "source": [
    "filter1_big = torch.cat(HIDDEN*[filter1])\n",
    "bias1_big = torch.cat(HIDDEN*[bias1])"
   ]
  },
  {
   "cell_type": "code",
   "execution_count": 95,
   "metadata": {
    "pycharm": {
     "name": "#%%\n"
    }
   },
   "outputs": [],
   "source": [
    "filter1 = nn.Parameter(torch.zeros(HIDDEN, 1, 5, 5)/sqrt(HIDDEN)).cuda()\n",
    "x = torch.cuda.FloatTensor(np.ones((HIDDEN, RES, RES))).unsqueeze(0)\n",
    "z = F.conv2d(x, weight=totalistic(filter1_big), bias=bias1_big, padding=2, groups=HIDDEN)"
   ]
  },
  {
   "cell_type": "code",
   "execution_count": 96,
   "metadata": {},
   "outputs": [
    {
     "data": {
      "text/plain": [
       "torch.Size([1, 64, 512, 512])"
      ]
     },
     "execution_count": 96,
     "metadata": {},
     "output_type": "execute_result"
    }
   ],
   "source": [
    "z.shape"
   ]
  },
  {
   "cell_type": "code",
   "execution_count": 58,
   "metadata": {},
   "outputs": [],
   "source": [
    "filter1[7] = CA_run.rule.filter1[7]"
   ]
  },
  {
   "cell_type": "code",
   "execution_count": 59,
   "metadata": {
    "collapsed": true,
    "jupyter": {
     "outputs_hidden": true
    }
   },
   "outputs": [
    {
     "data": {
      "text/plain": [
       "tensor([[[[0.0000e+00, 0.0000e+00, 0.0000e+00,  ..., 0.0000e+00,\n",
       "           0.0000e+00, 0.0000e+00],\n",
       "          [0.0000e+00, 0.0000e+00, 0.0000e+00,  ..., 0.0000e+00,\n",
       "           0.0000e+00, 0.0000e+00],\n",
       "          [0.0000e+00, 0.0000e+00, 0.0000e+00,  ..., 0.0000e+00,\n",
       "           0.0000e+00, 0.0000e+00],\n",
       "          ...,\n",
       "          [0.0000e+00, 0.0000e+00, 0.0000e+00,  ..., 0.0000e+00,\n",
       "           0.0000e+00, 0.0000e+00],\n",
       "          [0.0000e+00, 0.0000e+00, 0.0000e+00,  ..., 0.0000e+00,\n",
       "           0.0000e+00, 0.0000e+00],\n",
       "          [0.0000e+00, 0.0000e+00, 0.0000e+00,  ..., 0.0000e+00,\n",
       "           0.0000e+00, 0.0000e+00]],\n",
       "\n",
       "         [[0.0000e+00, 0.0000e+00, 0.0000e+00,  ..., 0.0000e+00,\n",
       "           0.0000e+00, 0.0000e+00],\n",
       "          [0.0000e+00, 0.0000e+00, 0.0000e+00,  ..., 0.0000e+00,\n",
       "           0.0000e+00, 0.0000e+00],\n",
       "          [0.0000e+00, 0.0000e+00, 0.0000e+00,  ..., 0.0000e+00,\n",
       "           0.0000e+00, 0.0000e+00],\n",
       "          ...,\n",
       "          [0.0000e+00, 0.0000e+00, 0.0000e+00,  ..., 0.0000e+00,\n",
       "           0.0000e+00, 0.0000e+00],\n",
       "          [0.0000e+00, 0.0000e+00, 0.0000e+00,  ..., 0.0000e+00,\n",
       "           0.0000e+00, 0.0000e+00],\n",
       "          [0.0000e+00, 0.0000e+00, 0.0000e+00,  ..., 0.0000e+00,\n",
       "           0.0000e+00, 0.0000e+00]],\n",
       "\n",
       "         [[0.0000e+00, 0.0000e+00, 0.0000e+00,  ..., 0.0000e+00,\n",
       "           0.0000e+00, 0.0000e+00],\n",
       "          [0.0000e+00, 0.0000e+00, 0.0000e+00,  ..., 0.0000e+00,\n",
       "           0.0000e+00, 0.0000e+00],\n",
       "          [0.0000e+00, 0.0000e+00, 0.0000e+00,  ..., 0.0000e+00,\n",
       "           0.0000e+00, 0.0000e+00],\n",
       "          ...,\n",
       "          [0.0000e+00, 0.0000e+00, 0.0000e+00,  ..., 0.0000e+00,\n",
       "           0.0000e+00, 0.0000e+00],\n",
       "          [0.0000e+00, 0.0000e+00, 0.0000e+00,  ..., 0.0000e+00,\n",
       "           0.0000e+00, 0.0000e+00],\n",
       "          [0.0000e+00, 0.0000e+00, 0.0000e+00,  ..., 0.0000e+00,\n",
       "           0.0000e+00, 0.0000e+00]],\n",
       "\n",
       "         ...,\n",
       "\n",
       "         [[0.0000e+00, 0.0000e+00, 0.0000e+00,  ..., 0.0000e+00,\n",
       "           0.0000e+00, 0.0000e+00],\n",
       "          [0.0000e+00, 0.0000e+00, 0.0000e+00,  ..., 0.0000e+00,\n",
       "           0.0000e+00, 0.0000e+00],\n",
       "          [0.0000e+00, 0.0000e+00, 0.0000e+00,  ..., 0.0000e+00,\n",
       "           0.0000e+00, 0.0000e+00],\n",
       "          ...,\n",
       "          [0.0000e+00, 0.0000e+00, 0.0000e+00,  ..., 0.0000e+00,\n",
       "           0.0000e+00, 0.0000e+00],\n",
       "          [0.0000e+00, 0.0000e+00, 0.0000e+00,  ..., 0.0000e+00,\n",
       "           0.0000e+00, 0.0000e+00],\n",
       "          [0.0000e+00, 0.0000e+00, 0.0000e+00,  ..., 0.0000e+00,\n",
       "           0.0000e+00, 0.0000e+00]],\n",
       "\n",
       "         [[0.0000e+00, 0.0000e+00, 0.0000e+00,  ..., 0.0000e+00,\n",
       "           0.0000e+00, 0.0000e+00],\n",
       "          [0.0000e+00, 0.0000e+00, 0.0000e+00,  ..., 0.0000e+00,\n",
       "           0.0000e+00, 0.0000e+00],\n",
       "          [0.0000e+00, 0.0000e+00, 0.0000e+00,  ..., 0.0000e+00,\n",
       "           0.0000e+00, 0.0000e+00],\n",
       "          ...,\n",
       "          [0.0000e+00, 0.0000e+00, 0.0000e+00,  ..., 0.0000e+00,\n",
       "           0.0000e+00, 0.0000e+00],\n",
       "          [0.0000e+00, 0.0000e+00, 0.0000e+00,  ..., 0.0000e+00,\n",
       "           0.0000e+00, 0.0000e+00],\n",
       "          [0.0000e+00, 0.0000e+00, 0.0000e+00,  ..., 0.0000e+00,\n",
       "           0.0000e+00, 0.0000e+00]],\n",
       "\n",
       "         [[3.8517e-01, 6.4608e-01, 4.2611e-01,  ..., 4.2611e-01,\n",
       "           6.4608e-01, 3.8517e-01],\n",
       "          [6.4608e-01, 6.9869e-01, 3.9154e-01,  ..., 3.9154e-01,\n",
       "           6.9869e-01, 6.4608e-01],\n",
       "          [4.2611e-01, 3.9154e-01, 1.1176e-07,  ..., 1.1176e-07,\n",
       "           3.9154e-01, 4.2611e-01],\n",
       "          ...,\n",
       "          [4.2611e-01, 3.9154e-01, 1.1176e-07,  ..., 1.1176e-07,\n",
       "           3.9154e-01, 4.2611e-01],\n",
       "          [6.4608e-01, 6.9869e-01, 3.9154e-01,  ..., 3.9154e-01,\n",
       "           6.9869e-01, 6.4608e-01],\n",
       "          [3.8517e-01, 6.4608e-01, 4.2611e-01,  ..., 4.2611e-01,\n",
       "           6.4608e-01, 3.8517e-01]]]], device='cuda:0',\n",
       "       grad_fn=<ThnnConvDepthwise2DBackward>)"
      ]
     },
     "execution_count": 59,
     "metadata": {},
     "output_type": "execute_result"
    }
   ],
   "source": [
    "z = F.conv2d(x, weight=totalistic(filter1), bias=CA_run.rule.bias1, padding=2, groups=HIDDEN)\n",
    "z"
   ]
  },
  {
   "cell_type": "code",
   "execution_count": 60,
   "metadata": {},
   "outputs": [],
   "source": [
    "params = [p for p in CA_run.parameters()]"
   ]
  },
  {
   "cell_type": "code",
   "execution_count": 61,
   "metadata": {
    "collapsed": true,
    "jupyter": {
     "outputs_hidden": true
    }
   },
   "outputs": [
    {
     "data": {
      "text/plain": [
       "[Parameter containing:\n",
       " tensor([[[[-7.1620e-01,  1.2084e-01, -9.8802e-02,  1.1724e-01,  3.2368e-01],\n",
       "           [ 1.4279e-03, -2.1501e-03,  1.8125e-01, -3.3950e-01,  2.3087e-01],\n",
       "           [-7.4448e-02, -7.0004e-01,  5.4337e-01,  1.9956e-01,  1.6879e-02],\n",
       "           [ 2.7402e-01, -1.7065e-01, -2.9213e-01, -3.3094e-01,  1.4572e-01],\n",
       "           [-2.2874e-01, -1.3186e-01, -1.9586e-01, -3.2796e-01,  8.3915e-02]]],\n",
       " \n",
       " \n",
       "         [[[ 5.3461e-01,  8.9373e-01,  3.8263e-01,  1.6652e-01, -3.8153e-01],\n",
       "           [ 1.3982e-01,  1.1481e-02, -1.7755e-01, -4.0989e-01,  7.6206e-01],\n",
       "           [ 3.7985e-01, -3.8059e-01, -8.1155e-02, -4.4449e-02, -2.3802e-01],\n",
       "           [-1.7979e-01, -1.3116e-01,  3.5908e-01,  1.9952e-01, -4.5759e-01],\n",
       "           [ 2.8813e-01,  1.3658e-01,  1.5752e-01,  1.1466e-01, -2.3753e-01]]],\n",
       " \n",
       " \n",
       "         [[[ 2.3442e-01,  2.4212e-01, -9.2518e-02,  7.7034e-02, -1.9284e-01],\n",
       "           [ 6.1746e-02,  1.1432e-01, -2.8157e-02, -4.1080e-01,  5.1075e-03],\n",
       "           [ 3.9818e-01,  1.4285e-01, -1.6305e-01,  7.1751e-02, -3.3225e-01],\n",
       "           [-3.2243e-01,  1.4978e-01,  3.1824e-01, -3.1229e-01,  2.1687e-01],\n",
       "           [ 3.8254e-02,  1.7840e-02, -2.4823e-01,  5.2695e-01, -1.0734e+00]]],\n",
       " \n",
       " \n",
       "         [[[-3.3480e-01, -1.1620e-01, -4.0878e-01, -1.2642e-01,  5.5528e-01],\n",
       "           [-1.2294e-01,  3.9621e-01, -1.8734e-01, -1.6825e-01, -3.1377e-01],\n",
       "           [-5.3797e-01,  1.5532e-01, -2.4076e-01,  2.5500e-01,  2.9049e-01],\n",
       "           [ 4.6590e-01, -2.1482e-01,  2.2975e-01, -2.4471e-01, -5.7387e-02],\n",
       "           [ 4.6248e-02,  6.3352e-01,  2.0907e-01,  1.6756e-01,  2.1975e-01]]],\n",
       " \n",
       " \n",
       "         [[[ 4.4955e-01, -1.6890e-01,  1.9696e-01,  3.0591e-01,  1.3571e-01],\n",
       "           [-2.6769e-01,  3.3413e-02,  2.5074e-02,  5.0600e-01, -3.5482e-01],\n",
       "           [-1.8846e-01,  3.0748e-01, -2.7378e-01, -1.9236e-01, -3.0805e-01],\n",
       "           [ 9.2199e-03, -2.5172e-01,  6.5399e-01,  9.3517e-02,  3.6661e-01],\n",
       "           [-2.2731e-01,  3.2003e-01,  4.9147e-01,  1.6007e-01, -1.1767e-01]]],\n",
       " \n",
       " \n",
       "         [[[ 2.0669e-01, -8.6072e-02, -3.7552e-02,  3.1820e-01, -2.2586e-01],\n",
       "           [-1.0437e-01,  2.4490e-01,  5.8703e-01, -7.0563e-02, -3.0950e-01],\n",
       "           [-5.3220e-01,  1.4313e-03, -4.7491e-01,  3.3505e-01, -1.1002e-01],\n",
       "           [ 3.1906e-02,  2.4754e-01,  2.9664e-01,  1.8740e-03, -2.9419e-01],\n",
       "           [ 7.8936e-02, -4.2502e-01,  9.8442e-02,  4.6294e-02, -5.6577e-01]]],\n",
       " \n",
       " \n",
       "         [[[ 2.7256e-02, -3.2848e-01, -1.9503e-01,  6.6011e-02, -3.2893e-01],\n",
       "           [-1.3182e-01, -1.5914e-01,  2.0398e-01, -1.1483e-01,  1.2996e-01],\n",
       "           [-4.3973e-01, -8.8451e-01, -2.6020e-01,  4.7596e-01,  1.5710e-01],\n",
       "           [-4.5687e-01,  6.8756e-01,  2.6333e-02,  4.3517e-02, -3.4278e-02],\n",
       "           [-4.0335e-01,  2.2560e-01,  9.9134e-02, -3.0252e-01,  3.3131e-01]]],\n",
       " \n",
       " \n",
       "         [[[-4.3067e-02, -2.1555e-01, -3.2521e-01,  8.1658e-02, -1.4155e-01],\n",
       "           [-7.4477e-02,  5.7292e-02,  8.8230e-01, -5.2228e-01, -3.1624e-01],\n",
       "           [ 3.2739e-01,  5.2978e-01, -1.5405e-01,  8.5335e-01, -4.0654e-01],\n",
       "           [ 8.5400e-02,  1.0894e-01, -9.6708e-04, -4.3829e-01,  7.9720e-02],\n",
       "           [-3.4504e-01,  1.0925e-01,  2.4963e-01, -3.6943e-01,  2.3096e-01]]]],\n",
       "        device='cuda:0', requires_grad=True),\n",
       " Parameter containing:\n",
       " tensor([-0., -0., -0., -0., -0., -0., -0., -0.], device='cuda:0',\n",
       "        requires_grad=True),\n",
       " Parameter containing:\n",
       " tensor([[[[-0.6415]],\n",
       " \n",
       "          [[-0.4815]],\n",
       " \n",
       "          [[ 0.1851]],\n",
       " \n",
       "          [[ 0.8485]],\n",
       " \n",
       "          [[-1.3364]],\n",
       " \n",
       "          [[ 0.1741]],\n",
       " \n",
       "          [[-0.3791]],\n",
       " \n",
       "          [[-0.8015]]],\n",
       " \n",
       " \n",
       "         [[[-0.1040]],\n",
       " \n",
       "          [[-0.2643]],\n",
       " \n",
       "          [[ 0.5108]],\n",
       " \n",
       "          [[ 0.6610]],\n",
       " \n",
       "          [[ 1.1531]],\n",
       " \n",
       "          [[ 0.7451]],\n",
       " \n",
       "          [[ 0.6032]],\n",
       " \n",
       "          [[-0.9863]]],\n",
       " \n",
       " \n",
       "         [[[-0.5459]],\n",
       " \n",
       "          [[-1.0391]],\n",
       " \n",
       "          [[ 1.1679]],\n",
       " \n",
       "          [[-0.3944]],\n",
       " \n",
       "          [[ 0.4346]],\n",
       " \n",
       "          [[-0.7067]],\n",
       " \n",
       "          [[-0.5677]],\n",
       " \n",
       "          [[ 0.3037]]],\n",
       " \n",
       " \n",
       "         [[[-1.5355]],\n",
       " \n",
       "          [[ 0.8426]],\n",
       " \n",
       "          [[-0.0106]],\n",
       " \n",
       "          [[-0.5748]],\n",
       " \n",
       "          [[ 0.1975]],\n",
       " \n",
       "          [[ 0.6700]],\n",
       " \n",
       "          [[-0.3268]],\n",
       " \n",
       "          [[ 0.0826]]],\n",
       " \n",
       " \n",
       "         [[[ 0.5356]],\n",
       " \n",
       "          [[ 0.5556]],\n",
       " \n",
       "          [[-0.1009]],\n",
       " \n",
       "          [[-0.0131]],\n",
       " \n",
       "          [[ 0.4481]],\n",
       " \n",
       "          [[-0.2574]],\n",
       " \n",
       "          [[-1.5359]],\n",
       " \n",
       "          [[-0.8763]]],\n",
       " \n",
       " \n",
       "         [[[ 0.3884]],\n",
       " \n",
       "          [[-0.2448]],\n",
       " \n",
       "          [[ 0.2283]],\n",
       " \n",
       "          [[ 0.6489]],\n",
       " \n",
       "          [[ 0.0680]],\n",
       " \n",
       "          [[ 1.2197]],\n",
       " \n",
       "          [[-0.7851]],\n",
       " \n",
       "          [[ 1.0987]]],\n",
       " \n",
       " \n",
       "         [[[-0.5368]],\n",
       " \n",
       "          [[-0.9788]],\n",
       " \n",
       "          [[-1.5053]],\n",
       " \n",
       "          [[ 0.2277]],\n",
       " \n",
       "          [[ 0.5694]],\n",
       " \n",
       "          [[-0.1464]],\n",
       " \n",
       "          [[-0.2925]],\n",
       " \n",
       "          [[ 0.0681]]],\n",
       " \n",
       " \n",
       "         [[[ 0.4427]],\n",
       " \n",
       "          [[-0.7627]],\n",
       " \n",
       "          [[-0.1116]],\n",
       " \n",
       "          [[-1.3726]],\n",
       " \n",
       "          [[-0.3560]],\n",
       " \n",
       "          [[ 0.9437]],\n",
       " \n",
       "          [[-0.0489]],\n",
       " \n",
       "          [[-0.5532]]]], device='cuda:0', requires_grad=True),\n",
       " Parameter containing:\n",
       " tensor([0., 0., 0., 0., 0., 0., 0., 0.], device='cuda:0', requires_grad=True),\n",
       " Parameter containing:\n",
       " tensor([[[[-0.0167]],\n",
       " \n",
       "          [[-0.4269]],\n",
       " \n",
       "          [[-1.0368]],\n",
       " \n",
       "          [[-0.7132]],\n",
       " \n",
       "          [[ 1.2131]],\n",
       " \n",
       "          [[-0.7537]],\n",
       " \n",
       "          [[-0.2910]],\n",
       " \n",
       "          [[ 0.3307]]],\n",
       " \n",
       " \n",
       "         [[[ 0.2660]],\n",
       " \n",
       "          [[ 0.5281]],\n",
       " \n",
       "          [[ 0.0165]],\n",
       " \n",
       "          [[-1.6933]],\n",
       " \n",
       "          [[-0.5647]],\n",
       " \n",
       "          [[ 0.5750]],\n",
       " \n",
       "          [[-0.1834]],\n",
       " \n",
       "          [[ 0.3156]]],\n",
       " \n",
       " \n",
       "         [[[-0.9925]],\n",
       " \n",
       "          [[-0.8931]],\n",
       " \n",
       "          [[ 0.5980]],\n",
       " \n",
       "          [[-0.7035]],\n",
       " \n",
       "          [[-0.0896]],\n",
       " \n",
       "          [[-0.3482]],\n",
       " \n",
       "          [[ 1.0382]],\n",
       " \n",
       "          [[-0.3971]]],\n",
       " \n",
       " \n",
       "         [[[-0.9315]],\n",
       " \n",
       "          [[ 0.4940]],\n",
       " \n",
       "          [[-1.3367]],\n",
       " \n",
       "          [[ 0.2788]],\n",
       " \n",
       "          [[-0.6240]],\n",
       " \n",
       "          [[ 0.2243]],\n",
       " \n",
       "          [[ 0.6612]],\n",
       " \n",
       "          [[ 0.3833]]],\n",
       " \n",
       " \n",
       "         [[[ 0.7911]],\n",
       " \n",
       "          [[ 0.4189]],\n",
       " \n",
       "          [[ 0.3675]],\n",
       " \n",
       "          [[ 0.0843]],\n",
       " \n",
       "          [[ 0.0916]],\n",
       " \n",
       "          [[-0.6584]],\n",
       " \n",
       "          [[ 1.1744]],\n",
       " \n",
       "          [[ 1.1116]]],\n",
       " \n",
       " \n",
       "         [[[ 0.2185]],\n",
       " \n",
       "          [[-0.5645]],\n",
       " \n",
       "          [[-0.0802]],\n",
       " \n",
       "          [[ 0.1155]],\n",
       " \n",
       "          [[ 0.8301]],\n",
       " \n",
       "          [[ 1.5759]],\n",
       " \n",
       "          [[ 0.5751]],\n",
       " \n",
       "          [[ 0.3325]]],\n",
       " \n",
       " \n",
       "         [[[-1.1820]],\n",
       " \n",
       "          [[ 0.5814]],\n",
       " \n",
       "          [[ 0.7969]],\n",
       " \n",
       "          [[ 0.0873]],\n",
       " \n",
       "          [[ 0.5830]],\n",
       " \n",
       "          [[ 0.1036]],\n",
       " \n",
       "          [[-0.5733]],\n",
       " \n",
       "          [[ 0.9710]]],\n",
       " \n",
       " \n",
       "         [[[ 0.0733]],\n",
       " \n",
       "          [[-1.2903]],\n",
       " \n",
       "          [[-0.0624]],\n",
       " \n",
       "          [[ 0.1527]],\n",
       " \n",
       "          [[-0.8802]],\n",
       " \n",
       "          [[-0.0449]],\n",
       " \n",
       "          [[-0.5729]],\n",
       " \n",
       "          [[ 1.0943]]]], device='cuda:0', requires_grad=True),\n",
       " Parameter containing:\n",
       " tensor([0., 0., 0., 0., 0., 0., 0., 0.], device='cuda:0', requires_grad=True)]"
      ]
     },
     "execution_count": 61,
     "metadata": {},
     "output_type": "execute_result"
    }
   ],
   "source": [
    "params"
   ]
  },
  {
   "cell_type": "code",
   "execution_count": 68,
   "metadata": {
    "collapsed": true,
    "jupyter": {
     "outputs_hidden": true
    }
   },
   "outputs": [
    {
     "data": {
      "text/plain": [
       "tensor([[[[-3.0871e-01, -5.1783e-01, -3.4152e-01,  ..., -3.4152e-01,\n",
       "           -5.1783e-01, -3.0871e-01],\n",
       "          [-5.1783e-01, -5.6000e-01, -3.1382e-01,  ..., -3.1382e-01,\n",
       "           -5.6000e-01, -5.1783e-01],\n",
       "          [-3.4152e-01, -3.1382e-01, -8.9574e-08,  ..., -8.9574e-08,\n",
       "           -3.1382e-01, -3.4152e-01],\n",
       "          ...,\n",
       "          [-3.4152e-01, -3.1382e-01, -8.9574e-08,  ..., -8.9574e-08,\n",
       "           -3.1382e-01, -3.4152e-01],\n",
       "          [-5.1783e-01, -5.6000e-01, -3.1382e-01,  ..., -3.1382e-01,\n",
       "           -5.6000e-01, -5.1783e-01],\n",
       "          [-3.0871e-01, -5.1783e-01, -3.4152e-01,  ..., -3.4152e-01,\n",
       "           -5.1783e-01, -3.0871e-01]],\n",
       "\n",
       "         [[-3.7989e-01, -6.3722e-01, -4.2027e-01,  ..., -4.2027e-01,\n",
       "           -6.3722e-01, -3.7989e-01],\n",
       "          [-6.3722e-01, -6.8911e-01, -3.8617e-01,  ..., -3.8617e-01,\n",
       "           -6.8911e-01, -6.3722e-01],\n",
       "          [-4.2027e-01, -3.8617e-01, -1.1023e-07,  ..., -1.1023e-07,\n",
       "           -3.8617e-01, -4.2027e-01],\n",
       "          ...,\n",
       "          [-4.2027e-01, -3.8617e-01, -1.1023e-07,  ..., -1.1023e-07,\n",
       "           -3.8617e-01, -4.2027e-01],\n",
       "          [-6.3722e-01, -6.8911e-01, -3.8617e-01,  ..., -3.8617e-01,\n",
       "           -6.8911e-01, -6.3722e-01],\n",
       "          [-3.7989e-01, -6.3722e-01, -4.2027e-01,  ..., -4.2027e-01,\n",
       "           -6.3722e-01, -3.7989e-01]],\n",
       "\n",
       "         [[ 1.1698e-01,  1.9622e-01,  1.2941e-01,  ...,  1.2941e-01,\n",
       "            1.9622e-01,  1.1698e-01],\n",
       "          [ 1.9622e-01,  2.1219e-01,  1.1891e-01,  ...,  1.1891e-01,\n",
       "            2.1219e-01,  1.9622e-01],\n",
       "          [ 1.2941e-01,  1.1891e-01,  3.3941e-08,  ...,  3.3941e-08,\n",
       "            1.1891e-01,  1.2941e-01],\n",
       "          ...,\n",
       "          [ 1.2941e-01,  1.1891e-01,  3.3941e-08,  ...,  3.3941e-08,\n",
       "            1.1891e-01,  1.2941e-01],\n",
       "          [ 1.9622e-01,  2.1219e-01,  1.1891e-01,  ...,  1.1891e-01,\n",
       "            2.1219e-01,  1.9622e-01],\n",
       "          [ 1.1698e-01,  1.9622e-01,  1.2941e-01,  ...,  1.2941e-01,\n",
       "            1.9622e-01,  1.1698e-01]],\n",
       "\n",
       "         ...,\n",
       "\n",
       "         [[ 4.2319e-01,  7.0987e-01,  4.6818e-01,  ...,  4.6818e-01,\n",
       "            7.0987e-01,  4.2319e-01],\n",
       "          [ 7.0987e-01,  7.6767e-01,  4.3020e-01,  ...,  4.3020e-01,\n",
       "            7.6767e-01,  7.0987e-01],\n",
       "          [ 4.6818e-01,  4.3020e-01,  1.2279e-07,  ...,  1.2279e-07,\n",
       "            4.3020e-01,  4.6818e-01],\n",
       "          ...,\n",
       "          [ 4.6818e-01,  4.3020e-01,  1.2279e-07,  ...,  1.2279e-07,\n",
       "            4.3020e-01,  4.6818e-01],\n",
       "          [ 7.0987e-01,  7.6767e-01,  4.3020e-01,  ...,  4.3020e-01,\n",
       "            7.6767e-01,  7.0987e-01],\n",
       "          [ 4.2319e-01,  7.0987e-01,  4.6818e-01,  ...,  4.6818e-01,\n",
       "            7.0987e-01,  4.2319e-01]],\n",
       "\n",
       "         [[ 2.6244e-02,  4.4023e-02,  2.9034e-02,  ...,  2.9034e-02,\n",
       "            4.4023e-02,  2.6244e-02],\n",
       "          [ 4.4023e-02,  4.7607e-02,  2.6679e-02,  ...,  2.6679e-02,\n",
       "            4.7607e-02,  4.4023e-02],\n",
       "          [ 2.9034e-02,  2.6679e-02,  7.6150e-09,  ...,  7.6150e-09,\n",
       "            2.6679e-02,  2.9034e-02],\n",
       "          ...,\n",
       "          [ 2.9034e-02,  2.6679e-02,  7.6150e-09,  ...,  7.6150e-09,\n",
       "            2.6679e-02,  2.9034e-02],\n",
       "          [ 4.4023e-02,  4.7607e-02,  2.6679e-02,  ...,  2.6679e-02,\n",
       "            4.7607e-02,  4.4023e-02],\n",
       "          [ 2.6244e-02,  4.4023e-02,  2.9034e-02,  ...,  2.9034e-02,\n",
       "            4.4023e-02,  2.6244e-02]],\n",
       "\n",
       "         [[-2.1306e-01, -3.5739e-01, -2.3571e-01,  ..., -2.3571e-01,\n",
       "           -3.5739e-01, -2.1306e-01],\n",
       "          [-3.5739e-01, -3.8649e-01, -2.1659e-01,  ..., -2.1659e-01,\n",
       "           -3.8649e-01, -3.5739e-01],\n",
       "          [-2.3571e-01, -2.1659e-01, -6.1820e-08,  ..., -6.1820e-08,\n",
       "           -2.1659e-01, -2.3571e-01],\n",
       "          ...,\n",
       "          [-2.3571e-01, -2.1659e-01, -6.1820e-08,  ..., -6.1820e-08,\n",
       "           -2.1659e-01, -2.3571e-01],\n",
       "          [-3.5739e-01, -3.8649e-01, -2.1659e-01,  ..., -2.1659e-01,\n",
       "           -3.8649e-01, -3.5739e-01],\n",
       "          [-2.1306e-01, -3.5739e-01, -2.3571e-01,  ..., -2.3571e-01,\n",
       "           -3.5739e-01, -2.1306e-01]]]], device='cuda:0',\n",
       "       grad_fn=<CudnnConvolutionBackward>)"
      ]
     },
     "execution_count": 68,
     "metadata": {},
     "output_type": "execute_result"
    }
   ],
   "source": [
    "z1 = F.conv2d(z, weight=params[2], bias=params[3], padding=0)\n",
    "z1"
   ]
  },
  {
   "cell_type": "code",
   "execution_count": null,
   "metadata": {
    "jupyter": {
     "outputs_hidden": false
    },
    "pycharm": {
     "name": "#%%\n"
    }
   },
   "outputs": [],
   "source": [
    "population = [CA().cuda() for i in range(1)]\n",
    "for ca in population:\n",
    "    ca.initGrid(BS=1)\n",
    "CA_run = population[0]\n",
    "x = torch.cuda.FloatTensor(np.random.random((HIDDEN, RES, RES))).unsqueeze(0)\n",
    "CA_run.psi = x\n",
    "\n",
    "for name, param in CA_run.named_parameters():\n",
    "    if param.requires_grad:\n",
    "        print(name, param.data)"
   ]
  },
  {
   "cell_type": "markdown",
   "metadata": {},
   "source": [
    "# Test"
   ]
  },
  {
   "cell_type": "code",
   "execution_count": 8,
   "metadata": {
    "jupyter": {
     "outputs_hidden": false
    },
    "pycharm": {
     "name": "#%%\n"
    }
   },
   "outputs": [],
   "source": [
    "population = [CA().cuda() for i in range(1)]\n",
    "for ca in population:\n",
    "    ca.initGrid(BS=1)\n",
    "# embed = Embedder().cuda()"
   ]
  },
  {
   "cell_type": "code",
   "execution_count": 9,
   "metadata": {
    "jupyter": {
     "outputs_hidden": false
    },
    "pycharm": {
     "name": "#%%\n"
    }
   },
   "outputs": [
    {
     "name": "stdout",
     "output_type": "stream",
     "text": [
      "950\n"
     ]
    },
    {
     "data": {
